2.0829 2.1399 2.1888 2.2155 2.2264 2.2307 2.1875 2.1508 2.1230 2.0586 2.0024 1.9518 1.8583 1.7559 1.6341 1.4857 1.2810 1.3138 1.0614 0.9356 0.8632 0.8112 0.7672 0.7118 0.6623 0.6194 0.5688 0.5232 0.4831 0.4370 0.3974 0.3762 0.4086 0.6002
       2.1790 2.2238 2.2699 2.3035 2.3746 2.2577 2.2175 2.2540 2.1232 2.0657 2.0773 1.9233 1.7985 1.6561 1.4941 1.2811 1.2966 1.3434 1.1704 1.0927 1.0478 1.0446 0.9182 0.8499 0.8385 0.7324 0.6718 0.6565 0.5663 0.5032 0.4689 0.5154 0.5922
	    	  2.3052 2.4417 2.4737 0.0000 2.3872 2.3398 0.0000 2.2416 2.1822 0.0000 2.0657 1.9343 1.7147 1.5134 1.2851 1.2902 1.3205 1.1770 1.1744 1.1188 0.0000 0.9489 0.8686 0.0000 0.7545 0.6873 0.0000 0.6061 0.5412 0.4738 0.5066 0.5883
		   	 		 0.0000 2.5025 2.4599 2.2994 2.2498 2.2962 2.1542 2.1025 2.1492 2.0844 0.0000 1.8166 1.5416 1.2926 1.2923 1.3323 1.2621 0.0000 1.1116 1.1271 0.9566 0.8794 0.8752 0.7583 0.6971 0.7018 0.5878 0.0000 0.5122 0.5119 0.5876
		     				2.4069 2.4322 2.2834 2.2363 2.2827 2.1416 2.0885 2.1261 2.0061 1.9780 1.8367 1.5638 1.2971 1.2951 1.3594 1.2889 1.1810 1.1438 1.0824 0.9272 0.8538 0.8517 0.7367 0.6764 0.6765 0.6097 0.5370 0.5169 0.5225 0.5878
								   0.0000 2.3524 2.3062 0.0000 2.2103 2.1519 0.0000 2.0309 1.9434 0.0000 1.6153 1.3008 1.2965 1.4249 0.0000 1.2792 1.1415 0.0000 0.9834 0.9005 0.0000 0.7841 0.7127 0.0000 0.6192 0.5760 0.0000 0.5489 0.5877
					    				  2.2226 2.1822 2.2300 2.0910 2.0355 2.0605 1.9076 1.8187 1.7716 1.5338 1.2761 1.2741 1.3329 1.2223 1.1462 1.0367 1.0355 0.8988 0.8314 0.8320 0.7187 0.6584 0.6524 0.5601 0.5205 0.4869 0.5135 0.5810
												 2.1440 2.1906 2.0551 2.0002 2.0223 1.8709 1.7821 1.7392 1.5092 1.2573 1.2559 1.3119 1.1981 1.1226 1.0171 1.0164 0.8854 0.8204 0.8204 0.7098 0.6501 0.6426 0.5514 0.5116 0.4789 0.5074 0.5757
														0.0000 2.1019 2.0445 0.0000 1.9140 1.8216 0.0000 1.5412 1.2458 1.2431 1.3619 0.0000 1.1887 1.0723 0.0000 0.9424 0.8670 0.0000 0.7569 0.6873 0.0000 0.5884 0.5398 0.0000 0.5307 0.5723
															   1.9716 1.9198 1.9431 1.7978 1.7137 1.6748 1.4538 1.2120 1.2120 1.2687 1.1624 1.0888 0.9876 0.9898 0.8618 0.7993 0.8013 0.6929 0.6351 0.6290 0.5393 0.5005 0.4694 0.4969 0.5637
																      1.8708 1.8948 1.7571 1.6777 1.6369 1.4208 1.1850 1.1861 1.2434 1.1410 1.0738 0.9742 0.9740 0.8486 0.7870 0.7881 0.6827 0.6267 0.6210 0.5343 0.4972 0.4652 0.4916 0.5570
																             0.0000 1.7941 1.7207 0.0000 1.4398 1.1635 1.1643 1.2860 0.0000 1.1617 1.0417 0.0000 0.9041 0.8312 0.0000 0.7276 0.6632 0.0000 0.5781 0.5385 0.0000 0.5150 0.5520
																					1.6961 1.6773 1.5670 1.3399 1.1166 1.1216 1.1873 1.1347 1.0410 1.0143 0.9676 0.8317 0.7695 0.7718 0.6690 0.6163 0.6189 0.5581 0.4921 0.4758 0.4814 0.5416
																						   0.0000 1.4794 1.2635 1.0675 1.0777 1.1250 1.0787 0.0000 0.9621 0.9811 0.8380 0.7752 0.7752 0.6749 0.6234 0.6299 0.5296 0.0000 0.4640 0.4642 0.5324
																								  1.3205 1.1768 1.0128 1.0356 1.0829 0.9845 0.9966 0.9579 0.0000 0.8237 0.7602 0.0000 0.6677 0.6120 0.0000 0.5443 0.4881 0.4282 0.4570 0.5278 
																								     	 1.0812 0.9534 1.0062 1.0911 0.9847 0.9406 0.9155 0.9219 0.8191 0.7651 0.7596 0.6689 0.6175 0.6058 0.5261 0.4699 0.4386 0.4774 0.5361 
																										        0.8770 1.0135 0.9092 0.8546 0.8184 0.7865 0.7555 0.7101 0.6680 0.6305 0.5840 0.5412 0.5030 0.4582 0.4194 0.3968 0.4203 0.5771
																													   0.7936 0.7896 0.7714 0.7501 0.7253 0.6995 0.6589 0.6212 0.5873 0.5444 0.5052 0.4702 0.4290 0.3941 0.3734 0.3901 0.5025
																														      0.8271 0.8317 0.8262 0.8117 0.8088 0.7402 0.6977 0.6806 0.6133 0.5693 0.5475 0.4863 0.4425 0.4140 0.4247 0.5293
																																	 0.8653 0.9003 0.8877 0.0000 0.8018 0.7541 0.0000 0.6652 0.6172 0.0000 0.5373 0.4896 0.4403 0.4389 0.5355
																																			0.0000 0.8928 0.8521 0.7691 0.7236 0.7100 0.6382 0.5947 0.5815 0.5409 0.0000 0.4656 0.4443 0.5318
																																				   0.8404 0.8251 0.7496 0.7069 0.6937 0.6246 0.5820 0.5667 0.5139 0.4936 0.4637 0.4425 0.5217
																											   											  0.0000 0.7532 0.7110 0.0000 0.6303 0.5860 0.0000 0.5095 0.4736 0.0000 0.4449 0.5079
																																								 0.6898 0.6533 0.6434 0.5793 0.5395 0.5233 0.4656 0.4318 0.4258 0.4122 0.4852
																																										0.6198 0.6101 0.5504 0.5127 0.4964 0.4417 0.4092 0.4039 0.3923 0.4624
																																											   0.0000 0.5433 0.5053 0.0000 0.4363 0.4029 0.0000 0.3849 0.4401
																																													  0.4900 0.4567 0.4432 0.3940 0.3651 0.3611 0.3501 0.4124
																																															 0.4262 0.4133 0.3685 0.3420 0.3373 0.3272 0.3853
																																																	0.0000 0.3602 0.3349 0.0000 0.3155 0.3595
																																																		   0.3266 0.3132 0.2961 0.2817 0.3295
																																																				  0.0000 0.2705 0.2560 0.3014
																																																						 0.2417 0.2360 0.2778
																																																								0.2319 0.2667
																																																									   0.2878
